20 128 0.01 linear glorot 512 512 0.09948470744680851 0.09760680379746836
20 128 0.1 linear glorot 256 512 0.09948470744680851 0.09760680379746836
20 128 0.1 tanh glorot 256 512 0.09948470744680851 0.09760680379746836
20 128 0.1 linear glorot 512 1024 0.09948470744680851 0.09760680379746836
20 128 0.1 linear glorot 512 512 0.09948470744680851 0.09760680379746836
20 256 0.1 tanh glorot 256 512 0.09948470744680851 0.09716796875
20 512 0.1 linear glorot 256 512 0.099365234375 0.09802964154411765
20 256 0.1 tanh glorot 512 512 0.09948470744680851 0.09716796875
20 512 0.1 linear glorot 512 512 0.099365234375 0.09802964154411765
20 256 0.1 tanh glorot 512 1024 0.09948470744680851 0.09716796875
20 512 0.1 linear glorot 512 1024 0.099365234375 0.09802964154411765
20 128 0.1 tanh glorot 512 512 0.09948470744680851 0.09760680379746836
20 256 0.1 sigmoid glorot 256 512 0.09139912613981764 0.11376953125
20 256 0.1 linear glorot 512 1024 0.09948470744680851 0.09716796875
20 512 0.1 sigmoid glorot 512 512 0.09126209077380952 0.11359719669117647
20 256 0.1 sigmoid glorot 512 1024 0.1060030395136778 0.11376953125
20 256 0.1 linear glorot 256 512 0.09948470744680851 0.09716796875
20 512 0.1 sigmoid glorot 256 512 0.10358537946428571 0.11359719669117647
20 256 0.1 linear glorot 512 512 0.09948470744680851 0.09716796875
20 128 0.1 sigmoid glorot 256 512 0.9679742907801417 0.9660799050632911
20 512 0.1 tanh glorot 256 512 0.099365234375 0.09802964154411765
20 512 0.1 sigmoid glorot 512 1024 0.10602678571428571 0.11359719669117647
20 512 0.1 tanh glorot 512 512 0.099365234375 0.09802964154411765
20 512 0.1 tanh glorot 512 1024 0.099365234375 0.09802964154411765
20 128 0.1 tanh glorot 512 1024 0.09948470744680851 0.09760680379746836
20 128 0.01 linear glorot 256 512 0.09948470744680851 0.09760680379746836
20 128 0.1 sigmoid glorot 512 512 0.9726008421985816 0.9776503164556962
20 128 0.01 linear glorot 512 512 0.09948470744680851 0.09760680379746836
20 128 0.01 linear glorot 512 1024 0.09948470744680851 0.09760680379746836
20 128 0.1 sigmoid glorot 512 1024 0.9666722074468085 0.9659810126582279
20 256 0.01 linear glorot 256 512 0.09948470744680851 0.09716796875
20 256 0.1 sigmoid glorot 512 512 0.1060030395136778 0.11376953125
20 256 0.01 linear glorot 512 512 0.09948470744680851 0.09716796875
20 256 0.01 linear glorot 512 1024 0.09948470744680851 0.09716796875
20 256 0.01 tanh glorot 512 1024 0.09948470744680851 0.09716796875
20 256 0.01 tanh glorot 512 512 0.09966280395136778 0.09658203125
20 512 0.01 linear glorot 256 512 0.099365234375 0.09802964154411765
20 512 0.01 linear glorot 512 1024 0.099365234375 0.09802964154411765
20 512 0.01 linear glorot 512 512 0.099365234375 0.09802964154411765
20 256 0.01 tanh glorot 256 512 0.09948470744680851 0.10185546875
20 128 0.01 tanh glorot 512 1024 0.9539561170212766 0.9544106012658228
20 512 0.01 tanh glorot 256 512 0.099365234375 0.09802964154411765
20 128 0.01 sigmoid glorot 256 512 0.9717974290780141 0.9736946202531646
20 128 0.01 tanh glorot 256 512 0.9709386081560284 0.9708267405063291
20 512 0.01 tanh glorot 512 512 0.099365234375 0.09802964154411765
20 512 0.01 tanh glorot 512 1024 0.099365234375 0.09802964154411765
20 128 0.01 sigmoid glorot 512 512 0.968888519503546 0.9696400316455697
20 128 0.01 tanh glorot 512 512 0.9726839539007093 0.9686511075949367
20 256 0.01 sigmoid glorot 512 512 0.9701035334346504 0.96982421875
20 256 0.01 sigmoid glorot 256 512 0.9701154065349543 0.97099609375
20 128 0.01 sigmoid glorot 512 1024 0.9626551418439716 0.9657832278481012
20 128 0.001 linear glorot 256 512 0.9249501329787234 0.9176226265822784
20 128 0.001 linear glorot 512 512 0.9248393173758864 0.918809335443038
20 256 0.001 linear glorot 256 512 0.9264580167173252 0.9203125
20 512 0.01 sigmoid glorot 256 512 0.9676571800595238 0.9639763327205882
20 512 0.01 sigmoid glorot 512 1024 0.9639136904761906 0.9593003216911764
20 128 0.001 sigmoid glorot 256 512 0.9228446365248226 0.922567246835443
20 128 0.001 tanh glorot 256 512 0.9704676418439716 0.9706289556962026
20 256 0.01 sigmoid glorot 512 1024 0.9652118161094224 0.9650390625
20 512 0.01 sigmoid glorot 512 512 0.9680873325892857 0.9652458639705882
20 256 0.001 linear glorot 512 512 0.9256268996960486 0.92060546875
20 256 0.001 linear glorot 512 1024 0.9249620060790273 0.91953125
20 128 0.001 linear glorot 512 1024 0.9230939716312057 0.9186115506329114
20 256 0.001 sigmoid glorot 256 512 0.9236915843465046 0.92197265625
20 128 0.001 sigmoid glorot 512 1024 0.9185782358156029 0.9162381329113924
20 128 0.001 sigmoid glorot 512 512 0.9218472960992907 0.9185126582278481
20 128 0.001 tanh glorot 512 1024 0.9679742907801417 0.9669699367088608
20 512 0.001 linear glorot 512 512 0.925048828125 0.9179055606617647
20 256 0.001 sigmoid glorot 512 1024 0.918954217325228 0.9162109375
20 256 0.001 tanh glorot 256 512 0.9691893047112462 0.970703125
20 256 0.001 tanh glorot 512 512 0.969949183130699 0.97197265625
20 128 0.001 tanh glorot 512 512 0.9698027482269503 0.9707278481012658
20 512 0.001 linear glorot 256 512 0.92431640625 0.9187959558823529
20 512 0.001 sigmoid glorot 256 512 0.9250837053571428 0.9192957261029411
20 512 0.001 tanh glorot 256 512 0.9680408296130952 0.9667394301470589
20 256 0.001 sigmoid glorot 512 512 0.9205333396656535 0.91884765625
